9.2 7.8 19 22.4 7.7 -1
10.8 9 23 26.5 9.8 -1
11.1 9.9 23.8 27.1 9.8 -1
12.2 10.8 27.3 31.6 10.9 -1
12.9 11 26.8 30.9 11.4 -1
13.1 10.6 28.2 32.3 11 -1
13.1 10.9 28.3 32.4 11.2 -1
13.3 11.1 27.8 32.3 11.3 -1
14.3 11.6 31.3 35.5 12.7 -1
14.6 11.3 31.9 36.4 13.7 -1
15 10.9 31.4 36.4 13.2 -1
15 11.5 32.4 37 13.4 -1
15 11.9 32.5 37.2 13.6 -1
15.4 11.8 33 37.5 13.6 -1
16.3 12.7 35.6 40.9 14.9 -1
16.4 13 35.7 41.8 15.2 -1
16.8 12.8 36.2 41.8 14.9 -1
17.1 12.6 36.4 42 15.1 -1
17.1 12.7 36.7 41.9 15.6 -1
17.9 14.1 39.7 44.6 16.8 -1
19.3 13.5 41.6 47.4 17.8 -1
19.3 13.8 40.9 46.5 16.8 -1
19.7 15.3 41.9 48.5 17.8 -1
19.8 14.3 42.4 48.9 18.3 -1
21.3 15.7 47.1 54.6 20 -1
7.2 6.5 14.7 17.1 6.1 -1
9.1 8.1 18.5 21.6 7.7 -1
9.1 8.2 19.2 22.2 7.7 -1
9.5 8.2 19.6 22.4 7.8 -1
10.1 9.3 20.9 24.4 8.4 -1
10.3 9.5 21.3 24.7 8.9 -1
10.4 9.7 21.7 25.4 8.3 -1
10.8 9.5 22.5 26.3 9.1 -1
11 9.8 22.5 25.7 8.2 -1
11.6 11 24.6 28.5 10.4 -1
11.6 11.4 23.7 27.7 10 -1
11.7 10.6 24.9 28.5 10.4 -1
12 10.7 24.6 28.9 10.5 -1
12.6 12.2 26.1 31.6 11.2 -1
12.8 12.2 26.7 31.1 11.1 -1
12.8 12.2 27.9 31.9 11.5 -1
13 11.4 27.3 31.8 11.3 -1
13.2 12.2 27.9 32.1 11.5 -1
13.7 12.5 28.6 33.8 11.9 -1
15.1 13.3 31.8 36.3 13.5 -1
15.1 13.5 31.9 37 13.8 -1
15.3 14.2 32.6 38.3 13.8 -1
15.5 13.8 33.4 38.7 14.7 -1
15.6 13.9 32.8 37.9 13.4 -1
15.8 15 34.5 40.3 15.3 -1
16.7 16.1 36.6 41.9 15.4 -1
10.2 8.2 20.2 22.2 9 1
10.7 8.6 20.7 22.7 9.2 1
11.4 9 22.7 24.8 10.1 1
12.5 9.4 23.2 26 10.8 1
12.5 9.4 24.2 27 11.2 1
12.7 10.4 26 28.8 12.1 1
13.2 11 27.1 30.4 12.2 1
13.4 10.1 26.6 29.6 12 1
13.7 11 27.5 30.5 12.2 1
14.1 10.4 28.9 31.8 13.5 1
14.2 10.6 28.7 31.7 12.9 1
14.2 10.7 27.8 30.9 12.7 1
14.2 11.3 29.2 32.2 13.5 1
14.7 11.1 29 32.1 13.1 1
15.1 11.4 30.2 33.3 14 1
16.3 11.6 31.6 34.2 14.5 1
17.1 12.6 35 38.9 15.7 1
17.4 12.8 36.1 39.5 16.2 1
17.9 12.9 36.9 40.9 16.5 1
18 13.4 36.7 41.3 17.1 1
18.2 13.7 38.8 42.7 17.2 1
18.8 13.4 37.2 41.1 17.5 1
19.4 14.1 39.1 43.2 17.8 1
19.4 14.4 39.8 44.3 17.9 1
20.6 14.4 42.8 46.5 19.6 1
21.5 15.5 45.5 49.7 20.9 1
21.6 15.4 45.7 49.7 20.6 1
21.6 14.8 43.4 48.2 20.1 1
23 16.8 47.2 52.1 21.5 1
11.4 9.2 21.7 24.1 9.7 1
14 11.9 27 31.4 12.6 1
14 12.8 28.8 32.4 12.7 1
14.7 13.2 29.6 33.4 12.9 1
14.9 13 30 33.7 13.3 1
15.6 14.1 31 34.5 13.8 1
15.7 13.6 31 34.8 13.8 1
16.7 14.3 32.3 37 14.7 1
17.1 14.5 33.1 37.2 14.6 1
17.5 14.7 33.3 37.6 14.6 1
17.6 14 34 38.6 15.5 1
18.3 15.7 35.1 40.5 16.1 1
18.4 15.5 35.6 40 15.9 1
18.4 15.7 36.5 41.6 16.4 1
19.1 16 37.8 42.3 16.8 1
19.9 16.6 39.4 43.9 17.9 1
20.5 17.5 40 45.5 19.2 1
20.6 17.5 41.5 46.2 19.2 1
21.7 17.1 41.7 47.2 19.6 1
22.5 17.2 43 48.7 19.8 1
