param m := 1000;
param n := 4;
param y :=
1 -1
2 1
3 -1
4 -1
5 1
6 1
7 1
8 -1
9 1
10 -1
11 1
12 -1
13 1
14 -1
15 1
16 -1
17 1
18 -1
19 -1
20 1
21 -1
22 -1
23 1
24 -1
25 -1
26 1
27 1
28 -1
29 -1
30 -1
31 -1
32 1
33 1
34 1
35 -1
36 -1
37 -1
38 1
39 -1
40 1
41 -1
42 1
43 1
44 -1
45 -1
46 -1
47 -1
48 -1
49 1
50 -1
51 -1
52 1
53 1
54 -1
55 1
56 1
57 1
58 1
59 -1
60 1
61 -1
62 1
63 -1
64 -1
65 -1
66 -1
67 -1
68 1
69 -1
70 -1
71 1
72 1
73 1
74 1
75 1
76 1
77 1
78 -1
79 1
80 -1
81 -1
82 -1
83 -1
84 1
85 -1
86 -1
87 -1
88 1
89 -1
90 1
91 -1
92 -1
93 -1
94 -1
95 1
96 1
97 -1
98 -1
99 1
100 1
101 -1
102 1
103 1
104 -1
105 -1
106 -1
107 -1
108 -1
109 1
110 1
111 -1
112 1
113 -1
114 -1
115 -1
116 1
117 1
118 -1
119 -1
120 -1
121 -1
122 1
123 -1
124 -1
125 1
126 1
127 -1
128 1
129 -1
130 -1
131 -1
132 -1
133 1
134 -1
135 1
136 -1
137 -1
138 1
139 1
140 1
141 1
142 1
143 -1
144 1
145 -1
146 1
147 -1
148 -1
149 1
150 -1
151 1
152 1
153 -1
154 1
155 -1
156 -1
157 1
158 -1
159 1
160 1
161 -1
162 1
163 -1
164 1
165 1
166 -1
167 -1
168 1
169 1
170 1
171 -1
172 -1
173 -1
174 1
175 1
176 -1
177 -1
178 -1
179 -1
180 1
181 1
182 1
183 1
184 1
185 -1
186 -1
187 1
188 1
189 -1
190 1
191 -1
192 1
193 1
194 -1
195 -1
196 1
197 1
198 -1
199 1
200 -1
201 1
202 -1
203 1
204 1
205 -1
206 1
207 1
208 1
209 1
210 1
211 -1
212 1
213 1
214 -1
215 -1
216 1
217 -1
218 -1
219 -1
220 -1
221 -1
222 -1
223 1
224 1
225 -1
226 -1
227 1
228 -1
229 -1
230 -1
231 -1
232 1
233 -1
234 -1
235 1
236 -1
237 -1
238 -1
239 -1
240 1
241 1
242 1
243 -1
244 -1
245 -1
246 -1
247 1
248 1
249 -1
250 -1
251 -1
252 1
253 -1
254 1
255 -1
256 -1
257 1
258 1
259 -1
260 -1
261 1
262 -1
263 -1
264 1
265 -1
266 1
267 1
268 1
269 -1
270 -1
271 -1
272 1
273 1
274 -1
275 -1
276 1
277 1
278 1
279 -1
280 1
281 -1
282 -1
283 1
284 1
285 -1
286 1
287 -1
288 -1
289 1
290 -1
291 -1
292 -1
293 1
294 1
295 -1
296 1
297 -1
298 -1
299 -1
300 1
301 -1
302 1
303 -1
304 1
305 -1
306 1
307 -1
308 1
309 1
310 1
311 1
312 -1
313 -1
314 -1
315 1
316 -1
317 1
318 -1
319 1
320 1
321 1
322 1
323 -1
324 1
325 1
326 -1
327 -1
328 1
329 -1
330 -1
331 1
332 1
333 -1
334 -1
335 -1
336 -1
337 1
338 1
339 1
340 -1
341 1
342 1
343 -1
344 1
345 -1
346 1
347 -1
348 -1
349 -1
350 -1
351 -1
352 -1
353 -1
354 -1
355 -1
356 -1
357 1
358 -1
359 1
360 -1
361 -1
362 -1
363 1
364 1
365 1
366 1
367 -1
368 -1
369 -1
370 1
371 -1
372 -1
373 -1
374 1
375 -1
376 1
377 -1
378 -1
379 -1
380 1
381 1
382 1
383 -1
384 1
385 1
386 -1
387 1
388 1
389 1
390 -1
391 -1
392 -1
393 -1
394 -1
395 1
396 1
397 1
398 -1
399 1
400 1
401 1
402 -1
403 1
404 1
405 1
406 -1
407 -1
408 1
409 -1
410 -1
411 -1
412 -1
413 -1
414 1
415 1
416 1
417 1
418 1
419 -1
420 -1
421 -1
422 1
423 1
424 1
425 1
426 1
427 -1
428 1
429 1
430 -1
431 -1
432 1
433 -1
434 1
435 1
436 1
437 1
438 -1
439 -1
440 -1
441 1
442 1
443 1
444 1
445 -1
446 -1
447 1
448 1
449 -1
450 1
451 1
452 1
453 1
454 1
455 1
456 -1
457 1
458 1
459 1
460 1
461 1
462 1
463 1
464 1
465 -1
466 1
467 -1
468 1
469 -1
470 1
471 -1
472 -1
473 -1
474 -1
475 -1
476 1
477 -1
478 1
479 -1
480 -1
481 -1
482 1
483 1
484 -1
485 1
486 -1
487 -1
488 1
489 1
490 -1
491 1
492 -1
493 -1
494 -1
495 -1
496 1
497 -1
498 1
499 -1
500 -1
501 -1
502 1
503 1
504 -1
505 -1
506 1
507 1
508 1
509 1
510 1
511 1
512 1
513 1
514 -1
515 1
516 -1
517 -1
518 1
519 1
520 -1
521 1
522 1
523 -1
524 -1
525 1
526 -1
527 -1
528 1
529 1
530 1
531 -1
532 1
533 -1
534 -1
535 -1
536 1
537 1
538 1
539 -1
540 -1
541 1
542 1
543 1
544 -1
545 1
546 1
547 -1
548 -1
549 1
550 -1
551 -1
552 1
553 -1
554 -1
555 -1
556 1
557 1
558 -1
559 1
560 1
561 -1
562 -1
563 -1
564 1
565 -1
566 1
567 -1
568 -1
569 -1
570 -1
571 -1
572 1
573 -1
574 -1
575 1
576 1
577 -1
578 1
579 1
580 -1
581 -1
582 -1
583 1
584 -1
585 1
586 1
587 -1
588 1
589 -1
590 -1
591 -1
592 1
593 -1
594 1
595 1
596 1
597 1
598 1
599 -1
600 -1
601 1
602 1
603 -1
604 -1
605 -1
606 1
607 -1
608 -1
609 -1
610 1
611 -1
612 1
613 1
614 1
615 -1
616 -1
617 1
618 1
619 1
620 1
621 1
622 -1
623 -1
624 -1
625 -1
626 1
627 -1
628 -1
629 -1
630 -1
631 1
632 -1
633 1
634 1
635 -1
636 1
637 1
638 1
639 1
640 1
641 -1
642 1
643 1
644 1
645 -1
646 1
647 1
648 -1
649 -1
650 1
651 -1
652 1
653 -1
654 1
655 1
656 1
657 -1
658 -1
659 -1
660 1
661 -1
662 -1
663 1
664 -1
665 -1
666 -1
667 1
668 -1
669 -1
670 1
671 1
672 1
673 1
674 -1
675 1
676 -1
677 1
678 1
679 -1
680 -1
681 1
682 1
683 1
684 -1
685 1
686 1
687 -1
688 -1
689 -1
690 1
691 -1
692 -1
693 -1
694 1
695 1
696 -1
697 1
698 -1
699 -1
700 -1
701 -1
702 -1
703 -1
704 -1
705 1
706 1
707 -1
708 -1
709 1
710 -1
711 -1
712 1
713 1
714 -1
715 -1
716 1
717 -1
718 -1
719 -1
720 -1
721 1
722 1
723 1
724 -1
725 1
726 -1
727 -1
728 1
729 1
730 -1
731 1
732 -1
733 -1
734 -1
735 -1
736 -1
737 1
738 1
739 -1
740 -1
741 1
742 1
743 1
744 -1
745 1
746 1
747 1
748 1
749 -1
750 1
751 1
752 1
753 1
754 1
755 -1
756 -1
757 -1
758 -1
759 1
760 -1
761 1
762 1
763 -1
764 1
765 1
766 1
767 -1
768 -1
769 -1
770 -1
771 -1
772 1
773 -1
774 -1
775 -1
776 1
777 -1
778 1
779 -1
780 1
781 -1
782 -1
783 -1
784 -1
785 1
786 1
787 -1
788 -1
789 -1
790 -1
791 -1
792 1
793 -1
794 -1
795 -1
796 1
797 1
798 -1
799 1
800 -1
801 1
802 1
803 1
804 -1
805 1
806 -1
807 -1
808 1
809 1
810 -1
811 1
812 1
813 1
814 1
815 -1
816 1
817 1
818 -1
819 -1
820 1
821 -1
822 -1
823 -1
824 1
825 -1
826 1
827 -1
828 -1
829 -1
830 1
831 -1
832 1
833 -1
834 -1
835 1
836 1
837 -1
838 1
839 1
840 -1
841 -1
842 1
843 1
844 1
845 -1
846 1
847 -1
848 1
849 -1
850 -1
851 1
852 -1
853 -1
854 -1
855 1
856 -1
857 -1
858 1
859 1
860 1
861 1
862 -1
863 1
864 1
865 -1
866 1
867 1
868 1
869 1
870 1
871 -1
872 -1
873 1
874 1
875 1
876 -1
877 1
878 -1
879 1
880 -1
881 1
882 -1
883 1
884 -1
885 1
886 1
887 1
888 1
889 1
890 1
891 1
892 1
893 -1
894 -1
895 1
896 -1
897 -1
898 1
899 1
900 1
901 1
902 1
903 1
904 1
905 -1
906 1
907 -1
908 1
909 1
910 -1
911 1
912 1
913 -1
914 -1
915 1
916 -1
917 -1
918 -1
919 1
920 -1
921 -1
922 1
923 1
924 1
925 -1
926 1
927 1
928 1
929 1
930 1
931 -1
932 -1
933 1
934 1
935 -1
936 1
937 -1
938 1
939 1
940 -1
941 -1
942 -1
943 1
944 -1
945 -1
946 -1
947 -1
948 1
949 1
950 -1
951 1
952 1
953 -1
954 -1
955 1
956 1
957 -1
958 -1
959 1
960 1
961 -1
962 1
963 1
964 1
965 1
966 1
967 -1
968 1
969 -1
970 -1
971 -1
972 1
973 1
974 1
975 -1
976 1
977 -1
978 1
979 1
980 1
981 -1
982 -1
983 -1
984 -1
985 1
986 1
987 -1
988 1
989 -1
990 1
991 -1
992 -1
993 1
994 -1
995 1
996 -1
997 1
998 -1
999 1
1000 1

param X: 1 2 3 4 :=
1 0.223 0.217 0.44799999999999995 0.493
2 0.474 0.475 0.034 0.9540000000000001
3 0.154 0.261 0.19 0.361
4 0.16699999999999998 0.084 0.59 0.961
5 0.778 0.49700000000000005 0.792 0.945
6 0.505 0.828 0.897 0.737
7 0.8420000000000001 0.96 0.461 0.289
8 0.031 0.763 0.927 0.064
9 0.8859999999999999 0.218 0.978 0.076
10 0.601 0.243 0.6629999999999999 0.19
11 0.872 0.9690000000000001 0.701 0.665
12 0.14 0.16899999999999998 0.742 0.038
13 0.986 0.879 0.866 0.447
14 0.318 0.478 0.9309999999999999 0.24600000000000002
15 0.648 0.132 0.76 0.626
16 0.33899999999999997 0.22699999999999998 0.45 0.002
17 0.654 0.8740000000000001 0.386 0.355
18 0.299 0.495 0.708 0.040999999999999995
19 0.614 0.027000000000000003 0.41200000000000003 0.48
20 0.581 0.7979999999999999 0.951 0.512
21 0.493 0.16 0.17600000000000002 0.253
22 0.384 0.5920000000000001 0.013000000000000001 0.8340000000000001
23 0.43 0.488 0.46799999999999997 0.815
24 0.006999999999999999 0.114 0.337 0.715
25 0.87 0.32899999999999996 0.182 0.282
26 0.655 0.863 0.608 0.607
27 0.652 0.1 0.535 0.828
28 0.321 0.212 0.946 0.33399999999999996
29 0.54 0.764 0.5329999999999999 0.008
30 0.376 0.016 0.693 0.713
31 0.8490000000000001 0.583 0.06 0.03
32 0.8690000000000001 0.6859999999999999 0.7290000000000001 0.47700000000000004
33 0.10300000000000001 0.129 0.392 0.638
34 0.746 0.9590000000000001 0.16899999999999998 0.6920000000000001
35 0.215 0.23199999999999998 0.055999999999999994 0.748
36 0.635 0.124 0.256 0.32899999999999996
37 0.986 0.177 0.42 0.046
38 0.28600000000000003 0.915 0.893 0.013999999999999999
39 0.185 0.11800000000000001 0.521 0.578
40 0.478 0.324 0.715 0.647
41 0.008 0.862 0.247 0.065
42 0.48700000000000004 0.7 0.7340000000000001 0.743
43 0.5710000000000001 0.73 0.20600000000000002 0.992
44 0.414 0.27699999999999997 0.6920000000000001 0.307
45 0.084 0.49200000000000005 0.41 0.605
46 0.166 0.083 0.39399999999999996 0.8809999999999999
47 0.409 0.889 0.5920000000000001 0.6559999999999999
48 0.203 0.14400000000000002 0.654 0.937
49 0.6829999999999999 0.508 0.617 0.889
50 0.39299999999999996 0.303 0.777 0.084
51 0.069 0.168 0.10300000000000001 0.479
52 0.17300000000000001 0.645 0.857 0.5660000000000001
53 0.5870000000000001 0.976 0.415 0.18
54 0.369 0.382 0.7759999999999999 0.023
55 0.6629999999999999 0.706 0.8270000000000001 0.28
56 0.327 0.6729999999999999 0.899 0.10400000000000001
57 0.509 0.172 0.925 0.611
58 0.6990000000000001 0.784 0.29600000000000004 0.555
59 0.821 0.14300000000000002 0.326 0.237
60 0.958 0.606 0.7040000000000001 0.7340000000000001
61 0.023 0.397 0.335 0.85
62 0.93 0.177 0.349 0.8290000000000001
63 0.106 0.33799999999999997 0.45299999999999996 0.031
64 0.10400000000000001 0.73 0.733 0.4
65 0.084 0.221 0.428 0.41
66 0.75 0.368 0.063 0.455
67 0.6920000000000001 0.478 0.498 0.027000000000000003
68 0.175 0.9570000000000001 0.506 0.524
69 0.7859999999999999 0.63 0.124 0.239
70 0.073 0.34299999999999997 0.392 0.8059999999999999
71 0.677 0.89 0.9640000000000001 0.106
72 0.42100000000000004 0.856 0.6679999999999999 0.485
73 0.77 0.177 0.789 0.268
74 0.11800000000000001 0.44299999999999995 0.16 0.623
75 0.946 0.41 0.597 0.07
76 0.258 0.14300000000000002 0.992 0.65
77 0.735 0.327 0.8390000000000001 0.6990000000000001
78 0.139 0.12 0.289 0.807
79 0.6 0.5770000000000001 0.782 0.389
80 0.985 0.507 0.289 0.145
81 0.256 0.091 0.54 0.853
82 0.18899999999999997 0.111 0.304 0.18100000000000002
83 0.252 0.9159999999999999 0.08800000000000001 0.091
84 0.521 0.231 0.7340000000000001 0.81
85 0.33899999999999997 0.409 0.615 0.121
86 0.461 0.106 0.305 0.75
87 0.435 0.006 0.342 0.975
88 0.503 0.163 0.9690000000000001 0.807
89 0.73 0.06 0.26 0.8170000000000001
90 0.8740000000000001 0.33799999999999997 0.382 0.608
91 0.42 0.9470000000000001 0.557 0.035
92 0.355 0.496 0.174 0.66
93 0.425 0.095 0.252 0.767
94 0.11 0.27 0.233 0.079
95 0.5770000000000001 0.8079999999999999 0.13699999999999998 0.836
96 0.28800000000000003 0.71 0.9640000000000001 0.67
97 0.111 0.09 0.266 0.6679999999999999
98 0.33399999999999996 0.024 0.621 0.507
99 0.867 0.932 0.779 0.11800000000000001
100 0.848 0.228 0.9690000000000001 0.081
101 0.046 0.6579999999999999 0.115 0.183
102 0.741 0.47100000000000003 0.205 0.705
103 0.523 0.816 0.231 0.789
104 0.355 0.122 0.508 0.976
105 0.192 0.843 0.561 0.97
106 0.26 0.8190000000000001 0.18899999999999997 0.22899999999999998
107 0.496 0.275 0.5579999999999999 0.611
108 0.053 0.35200000000000004 0.93 0.258
109 0.071 0.7809999999999999 0.873 0.301
110 0.35700000000000004 0.657 0.6920000000000001 0.866
111 0.322 0.057 0.47600000000000003 0.883
112 0.43700000000000006 0.14300000000000002 0.846 0.626
113 0.746 0.12300000000000001 0.647 0.304
114 0.105 0.35700000000000004 0.086 0.035
115 0.14300000000000002 0.106 0.396 0.016
116 0.966 0.374 0.063 0.6579999999999999
117 0.696 0.98 0.297 0.172
118 0.324 0.609 0.006 0.171
119 0.37799999999999995 0.917 0.358 0.025
120 0.092 0.13 0.579 0.179
121 0.19399999999999998 0.322 0.27 0.59
122 0.677 0.556 0.7120000000000001 0.741
123 0.951 0.43700000000000006 0.19399999999999998 0.248
124 0.057 0.5720000000000001 0.218 0.063
125 0.45299999999999996 0.441 0.66 0.812
126 0.8809999999999999 0.904 0.596 0.45899999999999996
127 0.76 0.653 0.40399999999999997 0.031
128 0.743 0.708 0.799 0.45399999999999996
129 0.013999999999999999 0.406 0.8859999999999999 0.20800000000000002
130 0.495 0.265 0.226 0.713
131 0.9690000000000001 0.166 0.77 0.628
132 0.235 0.509 0.8809999999999999 0.831
133 0.9640000000000001 0.591 0.621 0.368
134 0.8640000000000001 0.111 0.331 0.6629999999999999
135 0.78 0.677 0.971 0.6659999999999999
136 0.625 0.16 0.15 0.85
137 0.479 0.8190000000000001 0.039 0.249
138 0.017 0.484 0.956 0.898
139 0.924 0.862 0.9059999999999999 0.545
140 0.528 0.409 0.341 0.8590000000000001
141 0.9059999999999999 0.638 0.75 0.877
142 0.635 0.501 0.46399999999999997 0.785
143 0.33799999999999997 0.264 0.171 0.377
144 0.618 0.39299999999999996 0.997 0.574
145 0.311 0.499 0.154 0.217
146 0.384 0.746 0.45399999999999996 0.7240000000000001
147 0.526 0.63 0.243 0.276
148 0.547 0.9109999999999999 0.009000000000000001 0.011000000000000001
149 0.36 0.349 0.96 0.531
150 0.473 0.149 0.11900000000000001 0.47
151 0.41 0.782 0.222 0.564
152 0.266 0.9470000000000001 0.745 0.72
153 0.349 0.24600000000000002 0.302 0.5920000000000001
154 0.809 0.138 0.433 0.818
155 0.129 0.17800000000000002 0.498 0.09
156 0.223 0.563 0.8590000000000001 0.342
157 0.583 0.752 0.815 0.805
158 0.8140000000000001 0.071 0.263 0.5589999999999999
159 0.935 0.9079999999999999 0.038 0.237
160 0.56 0.047 0.638 0.993
161 0.787 0.12300000000000001 0.043 0.285
162 0.752 0.508 0.7759999999999999 0.611
163 0.809 0.19399999999999998 0.601 0.624
164 0.917 0.43799999999999994 0.07 0.18
165 0.861 0.115 0.904 0.899
166 0.40399999999999997 0.45899999999999996 0.39899999999999997 0.040999999999999995
167 0.264 0.828 0.575 0.306
168 0.787 0.059000000000000004 0.621 0.563
169 0.47 0.37200000000000005 0.8640000000000001 0.071
170 0.863 0.988 0.433 0.932
171 0.43 0.794 0.28300000000000003 0.335
172 0.635 0.738 0.151 0.034
173 0.604 0.297 0.608 0.17800000000000002
174 0.721 0.966 0.6629999999999999 0.341
175 0.33299999999999996 0.8109999999999999 0.9 0.19699999999999998
176 0.8959999999999999 0.059000000000000004 0.87 0.32899999999999996
177 0.038 0.759 0.7859999999999999 0.321
178 0.478 0.956 0.8320000000000001 0.629
179 0.611 0.233 0.287 0.21899999999999997
180 0.8909999999999999 0.94 0.377 0.5539999999999999
181 0.9059999999999999 0.887 0.092 0.8059999999999999
182 0.9740000000000001 0.701 0.14300000000000002 0.845
183 0.135 0.883 0.789 0.9209999999999999
184 0.883 0.39899999999999997 0.16 0.7140000000000001
185 0.151 0.326 0.261 0.43799999999999994
186 0.6729999999999999 0.32899999999999996 0.485 0.05
187 0.7659999999999999 0.955 0.7709999999999999 0.858
188 0.8540000000000001 0.8320000000000001 0.462 0.998
189 0.49200000000000005 0.133 0.56 0.281
190 0.764 0.163 0.452 0.924
191 0.48 0.075 0.203 0.742
192 0.748 0.414 0.8420000000000001 0.233
193 0.726 0.998 0.419 0.496
194 0.18 0.35100000000000003 0.688 0.6409999999999999
195 0.365 0.133 0.48100000000000004 0.925
196 0.535 0.688 0.5770000000000001 0.987
197 0.455 0.46799999999999997 0.688 0.6579999999999999
198 0.201 0.40700000000000003 0.623 0.043
199 0.087 0.769 0.638 0.506
200 0.494 0.6859999999999999 0.616 0.182
201 0.965 0.547 0.461 0.446
202 0.875 0.981 0.16 0.452
203 0.773 0.907 0.436 0.461
204 0.645 0.6609999999999999 0.972 0.26899999999999996
205 0.611 0.35600000000000004 0.473 0.249
206 0.7390000000000001 0.743 0.5479999999999999 0.355
207 0.875 0.32 0.47200000000000003 0.335
208 0.9440000000000001 0.21 0.748 0.10300000000000001
209 0.7170000000000001 0.8759999999999999 0.569 0.153
210 0.134 0.7979999999999999 0.998 0.106
211 0.703 0.7170000000000001 0.42200000000000004 0.17600000000000002
212 0.284 0.915 0.7090000000000001 0.831
213 0.635 0.706 0.59 0.107
214 0.35700000000000004 0.05 0.251 0.105
215 0.9129999999999999 0.821 0.03 0.48200000000000004
216 0.36700000000000005 0.616 0.772 0.365
217 0.8390000000000001 0.068 0.439 0.261
218 0.406 0.545 0.159 0.115
219 0.429 0.75 0.08199999999999999 0.02
220 0.124 0.376 0.907 0.375
221 0.06 0.28800000000000003 0.303 0.09
222 0.27699999999999997 0.457 0.387 0.049
223 0.109 0.887 0.89 0.5479999999999999
224 0.134 0.9540000000000001 0.693 0.293
225 0.069 0.723 0.818 0.151
226 0.675 0.275 0.11900000000000001 0.581
227 0.6 0.642 0.938 0.903
228 0.7090000000000001 0.179 0.19 0.096
229 0.012 0.204 0.11599999999999999 0.903
230 0.264 0.037000000000000005 0.706 0.9570000000000001
231 0.775 0.025 0.053 0.593
232 0.795 0.268 0.451 0.9129999999999999
233 0.102 0.513 0.49200000000000005 0.04
234 0.22399999999999998 0.7490000000000001 0.595 0.414
235 0.823 0.426 0.049 0.9390000000000001
236 0.802 0.203 0.365 0.508
237 0.695 0.28300000000000003 0.185 0.748
238 0.361 0.5429999999999999 0.145 0.813
239 0.9940000000000001 0.914 0.9690000000000001 0.486
240 0.385 0.71 0.703 0.98
241 0.5479999999999999 0.804 0.5489999999999999 0.597
242 0.877 0.39899999999999997 0.945 0.242
243 0.10400000000000001 0.938 0.19 0.289
244 0.067 0.65 0.22899999999999998 0.212
245 0.685 0.20600000000000002 0.377 0.654
246 0.331 0.04 0.402 0.035
247 0.525 0.583 0.823 0.07400000000000001
248 0.5660000000000001 0.9520000000000001 0.579 0.511
249 0.486 0.615 0.132 0.677
250 0.8170000000000001 0.743 0.5539999999999999 0.046
251 0.017 0.731 0.161 0.39399999999999996
252 0.853 0.725 0.425 0.255
253 0.444 0.78 0.34299999999999997 0.268
254 0.523 0.8340000000000001 0.8059999999999999 0.102
255 0.0 0.589 0.9590000000000001 0.132
256 0.863 0.9490000000000001 0.009000000000000001 0.41700000000000004
257 0.9640000000000001 0.433 0.726 0.125
258 0.111 0.978 0.552 0.535
259 0.312 0.9790000000000001 0.013000000000000001 0.655
260 0.868 0.17800000000000002 0.081 0.674
261 0.425 0.674 0.8690000000000001 0.384
262 0.134 0.247 0.755 0.14300000000000002
263 0.75 0.107 0.098 0.47600000000000003
264 0.925 0.586 0.209 0.47700000000000004
265 0.442 0.789 0.10099999999999999 0.455
266 0.348 0.32299999999999995 0.621 0.429
267 0.902 0.8540000000000001 0.6709999999999999 0.7709999999999999
268 0.47700000000000004 0.905 0.485 0.233
269 0.149 0.983 0.155 0.247
270 0.386 0.172 0.044000000000000004 0.595
271 0.165 0.038 0.43700000000000006 0.266
272 0.8809999999999999 0.614 0.816 0.502
273 0.813 0.40399999999999997 0.897 0.484
274 0.135 0.9620000000000001 0.08 0.62
275 0.128 0.769 0.177 0.28300000000000003
276 0.635 0.669 0.188 0.679
277 0.836 0.8440000000000001 0.302 0.273
278 0.795 0.154 0.725 0.61
279 0.768 0.423 0.059000000000000004 0.664
280 0.23399999999999999 0.799 0.8690000000000001 0.314
281 0.063 0.442 0.188 0.239
282 0.205 0.8740000000000001 0.39299999999999996 0.39299999999999996
283 0.6579999999999999 0.22899999999999998 0.39799999999999996 0.96
284 0.508 0.754 0.655 0.233
285 0.311 0.001 0.7879999999999999 0.371
286 0.695 0.605 0.46399999999999997 0.564
287 0.883 0.627 0.36 0.07200000000000001
288 0.084 0.276 0.74 0.478
289 0.294 0.135 0.898 0.691
290 0.39899999999999997 0.2 0.8490000000000001 0.055
291 0.214 0.366 0.433 0.001
292 0.098 0.696 0.341 0.562
293 0.26 0.445 0.887 0.619
294 0.753 0.7040000000000001 0.7929999999999999 0.493
295 0.462 0.787 0.316 0.36
296 0.41100000000000003 0.759 0.677 0.26
297 0.11 0.474 0.18 0.5429999999999999
298 0.917 0.6409999999999999 0.171 0.258
299 0.431 0.518 0.649 0.318
300 0.166 0.07 0.841 0.96
301 0.022000000000000002 0.42200000000000004 0.35 0.33799999999999997
302 0.828 0.75 0.541 0.505
303 0.35600000000000004 0.615 0.484 0.536
304 0.9590000000000001 0.45299999999999996 0.8 0.13
305 0.004 0.561 0.22899999999999998 0.653
306 0.366 0.8190000000000001 0.9490000000000001 0.20600000000000002
307 0.512 0.228 0.201 0.862
308 0.983 0.69 0.317 0.524
309 0.327 0.88 0.81 0.81
310 0.968 0.769 0.868 0.768
311 0.579 0.7709999999999999 0.46 0.8079999999999999
312 0.33899999999999997 0.17300000000000001 0.244 0.28800000000000003
313 0.023 0.8 0.608 0.22399999999999998
314 0.175 0.20600000000000002 0.353 0.491
315 0.5479999999999999 0.818 0.61 0.358
316 0.025 0.326 0.397 0.894
317 0.29600000000000004 0.473 0.865 0.757
318 0.29 0.095 0.45399999999999996 0.5329999999999999
319 0.833 0.556 0.184 0.441
320 0.846 0.616 0.986 0.19899999999999998
321 0.716 0.746 0.925 0.326
322 0.5539999999999999 0.35200000000000004 0.43 0.951
323 0.524 0.247 0.718 0.39
324 0.998 0.679 0.1 0.452
325 0.483 0.285 0.769 0.667
326 0.5479999999999999 0.513 0.34299999999999997 0.534
327 0.45 0.25 0.45799999999999996 0.376
328 0.562 0.929 0.9279999999999999 0.992
329 0.17300000000000001 0.517 0.128 0.8909999999999999
330 0.132 0.889 0.586 0.23199999999999998
331 0.799 0.7140000000000001 0.626 0.5670000000000001
332 0.353 0.115 0.894 0.696
333 0.605 0.146 0.9 0.063
334 0.47700000000000004 0.625 0.451 0.405
335 0.332 0.578 0.134 0.46
336 0.040999999999999995 0.5920000000000001 0.358 0.627
337 0.6990000000000001 0.425 0.5379999999999999 0.325
338 0.919 0.6779999999999999 0.10800000000000001 0.812
339 0.758 0.41700000000000004 0.52 0.6579999999999999
340 0.042 0.134 0.105 0.493
341 0.722 0.825 0.11599999999999999 0.856
342 0.585 0.897 0.877 0.943
343 0.7 0.642 0.9490000000000001 0.23800000000000002
344 0.941 0.157 0.645 0.049
345 0.019 0.807 0.387 0.539
346 0.867 0.581 0.598 0.972
347 0.13699999999999998 0.6940000000000001 0.9 0.253
348 0.185 0.838 0.44799999999999995 0.061
349 0.971 0.762 0.423 0.92
350 0.39 0.861 0.156 0.035
351 0.126 0.054000000000000006 0.7170000000000001 0.512
352 0.18100000000000002 0.379 0.175 0.779
353 0.249 0.9159999999999999 0.045 0.14800000000000002
354 0.596 0.33299999999999996 0.008 0.044000000000000004
355 0.789 0.015 0.156 0.212
356 0.155 0.603 0.7959999999999999 0.312
357 0.706 0.43700000000000006 0.6920000000000001 0.423
358 0.28600000000000003 0.604 0.32899999999999996 0.46
359 0.68 0.7090000000000001 0.299 0.725
360 0.469 0.321 0.191 0.47700000000000004
361 0.585 0.266 0.38 0.741
362 0.314 0.8959999999999999 0.081 0.11
363 0.7190000000000001 0.816 0.6459999999999999 0.41200000000000003
364 0.596 0.698 0.8420000000000001 0.925
365 0.225 0.604 0.867 0.525
366 0.725 0.993 0.6509999999999999 0.9159999999999999
367 0.016 0.501 0.736 0.395
368 0.215 0.71 0.138 0.29600000000000004
369 0.34700000000000003 0.015 0.635 0.993
370 0.873 0.588 0.125 0.715
371 0.28300000000000003 0.941 0.11699999999999999 0.15
372 0.447 0.875 0.45899999999999996 0.098
373 0.929 0.114 0.292 0.665
374 0.534 0.88 0.21899999999999997 0.672
375 0.038 0.019 0.192 0.6729999999999999
376 0.619 0.547 0.6 0.7440000000000001
377 0.11199999999999999 0.026000000000000002 0.203 0.22899999999999998
378 0.6679999999999999 0.6759999999999999 0.051 0.127
379 0.8420000000000001 0.055999999999999994 0.888 0.134
380 0.397 0.6679999999999999 0.601 0.616
381 0.778 0.654 0.359 0.97
382 0.37 0.589 0.875 0.9690000000000001
383 0.13699999999999998 0.08199999999999999 0.358 0.34
384 0.534 0.008 0.987 0.585
385 0.762 0.42700000000000005 0.191 0.649
386 0.912 0.047 0.22899999999999998 0.513
387 0.569 0.29100000000000004 0.317 0.927
388 0.645 0.297 0.8490000000000001 0.52
389 0.18100000000000002 0.657 0.348 0.539
390 0.659 0.073 0.005 0.647
391 0.14 0.408 0.086 0.331
392 0.647 0.242 0.10400000000000001 0.8759999999999999
393 0.767 0.445 0.046 0.084
394 0.306 0.7290000000000001 0.669 0.155
395 0.9359999999999999 0.335 0.9059999999999999 0.284
396 0.904 0.943 0.9470000000000001 0.909
397 0.606 0.049 0.998 0.6920000000000001
398 0.055999999999999994 0.33899999999999997 0.623 0.16
399 0.37799999999999995 0.927 0.66 0.424
400 0.033 0.73 0.74 0.7020000000000001
401 0.99 0.638 0.22 0.8959999999999999
402 0.094 0.8 0.865 0.042
403 0.455 0.648 0.758 0.45399999999999996
404 0.138 0.509 0.679 0.7609999999999999
405 0.894 0.139 0.596 0.555
406 0.608 0.5870000000000001 0.293 0.348
407 0.177 0.33799999999999997 0.927 0.397
408 0.8490000000000001 0.491 0.033 0.7140000000000001
409 0.742 0.17 0.18 0.499
410 0.52 0.637 0.133 0.198
411 0.802 0.09300000000000001 0.537 0.39799999999999996
412 0.1 0.006 0.235 0.392
413 0.524 0.569 0.6920000000000001 0.451
414 0.925 0.3 0.457 0.9590000000000001
415 0.99 0.7 0.184 0.17
416 0.807 0.6890000000000001 0.8370000000000001 0.94
417 0.235 0.742 0.981 0.773
418 0.628 0.872 0.147 0.863
419 0.501 0.38799999999999996 0.8340000000000001 0.192
420 0.8 0.11800000000000001 0.139 0.257
421 0.154 0.247 0.7759999999999999 0.33799999999999997
422 0.976 0.146 0.106 0.813
423 0.9940000000000001 0.048 0.828 0.975
424 0.9690000000000001 0.603 0.693 0.115
425 0.958 0.616 0.8540000000000001 0.792
426 0.693 0.5920000000000001 0.9259999999999999 0.833
427 0.002 0.987 0.09699999999999999 0.778
428 0.514 0.754 0.47100000000000003 0.62
429 0.557 0.614 0.616 0.385
430 0.43700000000000006 0.354 0.192 0.13
431 0.659 0.08800000000000001 0.085 0.513
432 0.893 0.20600000000000002 0.47200000000000003 0.8190000000000001
433 0.322 0.821 0.026000000000000002 0.419
434 0.35100000000000003 0.9329999999999999 0.353 0.8220000000000001
435 0.92 0.379 0.168 0.536
436 0.757 0.972 0.11800000000000001 0.9490000000000001
437 0.5870000000000001 0.608 0.19 0.672
438 0.07 0.565 0.32799999999999996 0.5429999999999999
439 0.36700000000000005 0.865 0.204 0.39299999999999996
440 0.8029999999999999 0.7440000000000001 0.217 0.156
441 0.77 0.077 0.946 0.938
442 0.71 0.695 0.585 0.828
443 0.687 0.414 0.252 0.877
444 0.373 0.948 0.6509999999999999 0.701
445 0.034 0.067 0.35600000000000004 0.23800000000000002
446 0.64 0.042 0.204 0.857
447 0.7709999999999999 0.627 0.275 0.7170000000000001
448 0.887 0.426 0.259 0.47200000000000003
449 0.903 0.159 0.6679999999999999 0.155
450 0.754 0.528 0.9840000000000001 0.405
451 0.475 0.439 0.29600000000000004 0.831
452 0.7559999999999999 0.47100000000000003 0.72 0.961
453 0.9179999999999999 0.732 0.955 0.192
454 0.52 0.079 0.875 0.779
455 0.129 0.682 0.71 0.797
456 0.747 0.552 0.366 0.731
457 0.594 0.20600000000000002 0.396 0.89
458 0.07400000000000001 0.6459999999999999 0.507 0.794
459 0.835 0.711 0.33899999999999997 0.79
460 0.787 0.309 0.983 0.662
461 0.534 0.79 0.7709999999999999 0.244
462 0.608 0.991 0.139 0.9740000000000001
463 0.096 0.568 0.9279999999999999 0.49200000000000005
464 0.965 0.5660000000000001 0.10400000000000001 0.47200000000000003
465 0.711 0.307 0.071 0.05
466 0.9740000000000001 0.8370000000000001 0.406 0.9570000000000001
467 0.495 0.491 0.289 0.265
468 0.8759999999999999 0.873 0.725 0.015
469 0.447 0.11 0.414 0.376
470 0.872 0.341 0.168 0.977
471 0.528 0.688 0.12 0.599
472 0.217 0.573 0.575 0.624
473 0.07400000000000001 0.11800000000000001 0.021 0.36200000000000004
474 0.755 0.23800000000000002 0.256 0.48100000000000004
475 0.10300000000000001 0.9279999999999999 0.364 0.517
476 0.966 0.39 0.644 0.134
477 0.457 0.662 0.055 0.578
478 0.7929999999999999 0.795 0.8340000000000001 0.368
479 0.364 0.442 0.537 0.385
480 0.92 0.14 0.043 0.17600000000000002
481 0.29600000000000004 0.27899999999999997 0.5489999999999999 0.66
482 0.853 0.626 0.18600000000000003 0.49700000000000005
483 0.5529999999999999 0.9540000000000001 0.42200000000000004 0.608
484 0.6829999999999999 0.401 0.327 0.517
485 0.745 0.882 0.21100000000000002 0.282
486 0.016 0.20199999999999999 0.40700000000000003 0.059000000000000004
487 0.027000000000000003 0.355 0.6579999999999999 0.5770000000000001
488 0.455 0.429 0.64 0.6409999999999999
489 0.4 0.19399999999999998 0.8809999999999999 0.8220000000000001
490 0.41200000000000003 0.505 0.20199999999999999 0.7390000000000001
491 0.971 0.485 0.904 0.182
492 0.17 0.198 0.9690000000000001 0.5770000000000001
493 0.348 0.604 0.611 0.006
494 0.625 0.461 0.61 0.265
495 0.537 0.665 0.29600000000000004 0.41700000000000004
496 0.09699999999999999 0.8290000000000001 0.991 0.299
497 0.013000000000000001 0.27 0.053 0.917
498 0.82 0.08800000000000001 0.6509999999999999 0.789
499 0.907 0.13699999999999998 0.26899999999999996 0.519
500 0.45 0.14400000000000002 0.604 0.06
501 0.706 0.597 0.07400000000000001 0.002
502 0.56 0.099 0.843 0.552
503 0.41200000000000003 0.565 0.669 0.465
504 0.121 0.285 0.57 0.772
505 0.235 0.68 0.21100000000000002 0.504
506 0.355 0.953 0.342 0.9590000000000001
507 0.752 0.665 0.61 0.826
508 0.624 0.386 0.7659999999999999 0.467
509 0.16399999999999998 0.879 0.503 0.833
510 0.985 0.9540000000000001 0.629 0.555
511 0.703 0.79 0.406 0.914
512 0.604 0.26899999999999996 0.24600000000000002 0.9470000000000001
513 0.26 0.698 0.894 0.87
514 0.561 0.494 0.91 0.326
515 0.847 0.491 0.841 0.35
516 0.185 0.335 0.27699999999999997 0.8140000000000001
517 0.004 0.516 0.679 0.41
518 0.972 0.013999999999999999 0.7 0.21899999999999997
519 0.929 0.479 0.659 0.8220000000000001
520 0.183 0.38299999999999995 0.843 0.09300000000000001
521 0.805 0.94 0.2 0.6459999999999999
522 0.523 0.83 0.624 0.8
523 0.514 0.804 0.16 0.19399999999999998
524 0.591 0.166 0.228 0.29100000000000004
525 0.188 0.22 0.8640000000000001 0.847
526 0.213 0.03 0.425 0.055999999999999994
527 0.134 0.861 0.062 0.33299999999999996
528 0.35200000000000004 0.856 0.33799999999999997 0.977
529 0.981 0.491 0.461 0.142
530 0.675 0.733 0.85 0.902
531 0.235 0.091 0.244 0.099
532 0.28600000000000003 0.312 0.968 0.711
533 0.091 0.8440000000000001 0.23 0.154
534 0.737 0.506 0.034 0.07400000000000001
535 0.691 0.055999999999999994 0.973 0.152
536 0.6579999999999999 0.826 0.93 0.508
537 0.955 0.743 0.82 0.19899999999999998
538 0.758 0.485 0.154 0.726
539 0.522 0.8170000000000001 0.04 0.752
540 0.218 0.489 0.47700000000000004 0.252
541 0.9590000000000001 0.9420000000000001 0.619 0.932
542 0.816 0.59 0.92 0.747
543 0.649 0.701 0.841 0.46799999999999997
544 0.6829999999999999 0.226 0.385 0.8370000000000001
545 0.581 0.359 0.77 0.621
546 0.741 0.838 0.6 0.218
547 0.163 0.177 0.032 0.782
548 0.126 0.598 0.6990000000000001 0.046
549 0.797 0.695 0.046 0.639
550 0.946 0.322 0.389 0.331
551 0.341 0.912 0.518 0.111
552 0.629 0.852 0.371 0.22899999999999998
553 0.461 0.392 0.24600000000000002 0.493
554 0.355 0.62 0.772 0.055
555 0.11599999999999999 0.852 0.36 0.162
556 0.523 0.109 0.813 0.912
557 0.972 0.254 0.35200000000000004 0.49
558 0.885 0.11900000000000001 0.21600000000000003 0.256
559 0.285 0.7170000000000001 0.741 0.531
560 0.914 0.887 0.83 0.6859999999999999
561 0.496 0.802 0.7929999999999999 0.856
562 0.284 0.38 0.073 0.096
563 0.513 0.068 0.546 0.865
564 0.91 0.75 0.677 0.127
565 0.026000000000000002 0.41200000000000003 0.723 0.767
566 0.934 0.6809999999999999 0.83 0.764
567 0.7709999999999999 0.26 0.16899999999999998 0.564
568 0.134 0.848 0.496 0.207
569 0.7879999999999999 0.72 0.012 0.33399999999999996
570 0.57 0.244 0.335 0.248
571 0.341 0.27399999999999997 0.7829999999999999 0.064
572 0.726 0.998 0.721 0.556
573 0.08800000000000001 0.327 0.021 0.257
574 0.138 0.391 0.74 0.634
575 0.685 0.42200000000000004 0.318 0.6970000000000001
576 0.902 0.268 1.0 0.237
577 0.37 0.578 0.789 0.153
578 0.8290000000000001 0.879 0.639 0.551
579 0.401 0.639 0.763 0.42200000000000004
580 0.655 0.56 0.287 0.395
581 0.885 0.08 0.615 0.203
582 0.371 0.105 0.045 0.37
583 0.56 0.741 0.92 0.349
584 0.561 0.17800000000000002 0.773 0.201
585 0.20800000000000002 0.602 0.368 0.971
586 0.264 0.626 0.584 0.551
587 0.777 0.436 0.1 0.392
588 0.877 0.763 0.745 0.922
589 0.087 0.48200000000000004 0.8740000000000001 0.006999999999999999
590 0.767 0.568 0.009000000000000001 0.54
591 0.738 0.748 0.37 0.105
592 0.39399999999999996 0.369 0.345 0.978
593 0.366 0.755 0.35700000000000004 0.466
594 0.996 0.344 0.9109999999999999 0.741
595 0.044000000000000004 0.828 0.747 0.9179999999999999
596 0.578 0.685 0.402 0.5870000000000001
597 0.171 0.325 0.9740000000000001 0.542
598 0.693 0.9359999999999999 0.8 0.038
599 0.721 0.40399999999999997 0.67 0.078
600 0.8170000000000001 0.07400000000000001 0.214 0.728
601 0.48 0.772 0.642 0.22699999999999998
602 0.47700000000000004 0.8059999999999999 0.375 0.879
603 0.6 0.05 0.718 0.574
604 0.14800000000000002 0.267 0.528 0.948
605 0.442 0.669 0.71 0.111
606 0.581 0.929 0.82 0.795
607 0.635 0.275 0.429 0.27699999999999997
608 0.11900000000000001 0.754 0.308 0.494
609 0.701 0.094 0.6829999999999999 0.419
610 0.275 0.5670000000000001 0.935 0.802
611 0.24100000000000002 0.244 0.185 0.951
612 0.9309999999999999 0.531 0.284 0.7509999999999999
613 0.941 0.386 0.601 0.37
614 0.10400000000000001 0.488 0.418 0.41200000000000003
615 0.051 0.11199999999999999 0.076 0.7340000000000001
616 0.7440000000000001 0.008 0.098 0.679
617 0.614 0.92 0.055 0.7979999999999999
618 0.41 0.7290000000000001 0.402 0.6940000000000001
619 0.728 0.635 0.867 0.32899999999999996
620 0.531 0.433 0.493 0.9490000000000001
621 0.475 1.0 0.9570000000000001 0.551
622 0.488 0.294 0.742 0.586
623 0.5529999999999999 0.19899999999999998 0.893 0.607
624 0.763 0.017 0.727 0.16399999999999998
625 0.20800000000000002 0.892 0.345 0.075
626 0.35 0.606 0.654 0.843
627 0.498 0.317 0.555 0.455
628 0.289 0.9420000000000001 0.162 0.031
629 0.135 0.584 0.727 0.027999999999999997
630 0.725 0.7909999999999999 0.20800000000000002 0.452
631 0.919 0.66 0.847 0.264
632 0.068 0.614 0.342 0.722
633 0.897 0.221 0.774 0.45299999999999996
634 0.642 0.741 0.618 0.805
635 0.146 0.94 0.35600000000000004 0.873
636 0.547 0.598 0.758 0.755
637 0.713 0.6729999999999999 0.711 0.56
638 0.447 0.629 0.552 0.789
639 0.008 0.6859999999999999 0.5710000000000001 0.7829999999999999
640 0.247 0.425 0.88 0.8640000000000001
641 0.652 0.01 0.16899999999999998 0.008
642 0.13699999999999998 0.555 0.48200000000000004 0.895
643 0.5329999999999999 0.608 0.983 0.244
644 0.92 0.691 0.797 0.47200000000000003
645 0.14800000000000002 0.48 0.166 0.7190000000000001
646 0.304 0.966 0.688 0.184
647 0.917 0.836 0.841 0.086
648 0.7240000000000001 0.223 0.4 0.205
649 0.7090000000000001 0.738 0.727 0.6920000000000001
650 0.8959999999999999 0.612 0.6729999999999999 0.693
651 0.153 0.841 0.565 0.318
652 0.8270000000000001 0.623 0.526 0.515
653 0.35700000000000004 0.43200000000000005 0.643 0.19699999999999998
654 0.488 0.9209999999999999 0.742 0.888
655 0.86 0.597 0.865 0.588
656 0.847 0.483 0.902 0.52
657 0.986 0.672 0.017 0.55
658 0.5770000000000001 0.37799999999999995 0.613 0.10300000000000001
659 0.42 0.46 0.325 0.063
660 0.843 0.551 0.579 0.585
661 0.705 0.445 0.035 0.57
662 0.324 0.41700000000000004 0.516 0.226
663 0.6920000000000001 0.212 0.608 0.7090000000000001
664 0.599 0.28600000000000003 0.14 0.212
665 0.032 0.631 0.85 0.35700000000000004
666 0.507 0.2 0.245 0.086
667 0.6829999999999999 0.7909999999999999 0.22899999999999998 0.718
668 0.262 0.042 0.778 0.778
669 0.7140000000000001 0.47 0.48 0.322
670 0.242 0.9209999999999999 0.465 0.381
671 0.855 0.413 0.763 0.705
672 0.45799999999999996 0.212 0.97 0.7020000000000001
673 0.754 0.385 0.08900000000000001 0.983
674 0.45 0.245 0.146 0.228
675 0.414 0.9420000000000001 0.49200000000000005 0.894
676 0.6709999999999999 0.135 0.184 0.136
677 0.317 0.991 0.93 0.08
678 0.7 0.5379999999999999 0.9079999999999999 0.67
679 0.20600000000000002 0.423 0.625 0.295
680 0.7290000000000001 0.745 0.6509999999999999 0.8740000000000001
681 0.674 0.28800000000000003 0.915 0.166
682 0.179 0.8370000000000001 0.317 0.363
683 0.833 0.68 0.965 0.763
684 0.66 0.46299999999999997 0.297 0.568
685 0.537 0.773 0.556 0.162
686 0.963 0.8909999999999999 0.813 0.614
687 0.787 0.287 0.053 0.7020000000000001
688 0.235 0.8809999999999999 0.29 0.552
689 0.264 0.385 0.924 0.228
690 0.6829999999999999 0.889 0.612 0.981
691 0.7440000000000001 0.518 0.23 0.301
692 0.298 0.263 0.5720000000000001 0.111
693 0.337 0.898 0.16399999999999998 0.39
694 0.618 0.625 0.48 0.9079999999999999
695 0.7240000000000001 0.172 0.563 0.648
696 0.711 0.331 0.289 0.32299999999999995
697 0.745 0.067 0.83 0.975
698 0.511 0.273 0.631 0.08199999999999999
699 0.508 0.419 0.28300000000000003 0.6729999999999999
700 0.883 0.29 0.435 0.363
701 0.612 0.087 0.37 0.175
702 0.77 0.8859999999999999 0.066 0.059000000000000004
703 0.37799999999999995 0.805 0.276 0.20800000000000002
704 0.644 0.7190000000000001 0.053 0.276
705 0.43799999999999994 0.784 0.221 0.721
706 0.03 0.604 0.747 0.465
707 0.945 0.078 0.054000000000000006 0.315
708 0.789 0.085 0.139 0.855
709 0.348 0.233 0.9490000000000001 0.625
710 0.7290000000000001 0.26899999999999996 0.16 0.782
711 0.9620000000000001 0.221 0.32799999999999996 0.182
712 0.785 0.212 0.546 0.532
713 0.513 0.478 0.755 0.5670000000000001
714 0.008 0.35600000000000004 0.878 0.147
715 0.022000000000000002 0.496 0.444 0.971
716 0.885 0.7 0.389 0.045
717 0.934 0.006999999999999999 0.703 0.262
718 0.645 0.048 0.401 0.191
719 0.079 0.703 0.057 0.8340000000000001
720 0.85 0.8420000000000001 0.626 0.728
721 0.8370000000000001 0.75 0.485 0.281
722 0.606 0.166 0.42200000000000004 0.995
723 0.905 0.929 0.21899999999999997 0.608
724 0.408 0.253 0.239 0.809
725 0.818 0.888 0.147 0.8759999999999999
726 0.41700000000000004 0.726 0.565 0.043
727 0.555 0.8809999999999999 0.204 0.04
728 0.9259999999999999 0.6459999999999999 0.32799999999999996 0.348
729 0.54 0.253 0.569 0.759
730 0.7609999999999999 0.166 0.114 0.9990000000000001
731 0.557 0.818 0.8640000000000001 0.7040000000000001
732 0.586 0.122 0.419 0.151
733 0.873 0.706 0.046 0.078
734 0.20800000000000002 0.004 0.391 0.536
735 0.032 0.076 0.605 0.601
736 0.466 0.36200000000000004 0.001 0.579
737 0.977 0.13699999999999998 0.179 0.841
738 0.872 0.42700000000000005 0.9620000000000001 0.292
739 0.127 0.165 0.284 0.17300000000000001
740 0.03 0.38 0.24600000000000002 0.42200000000000004
741 0.598 0.45399999999999996 0.992 0.203
742 0.826 0.669 0.41700000000000004 0.8270000000000001
743 0.778 0.804 0.385 0.9570000000000001
744 0.226 0.8290000000000001 0.07200000000000001 0.188
745 0.65 0.315 0.28600000000000003 0.935
746 0.529 0.965 0.8690000000000001 0.775
747 0.785 0.374 0.84 0.777
748 0.895 0.603 0.24600000000000002 0.312
749 0.495 0.09 0.235 0.88
750 0.879 0.105 0.877 0.951
751 0.998 0.601 0.608 0.284
752 0.096 0.813 0.5 0.965
753 0.887 0.75 0.9620000000000001 0.727
754 0.539 0.622 0.129 0.785
755 0.56 0.28 0.024 0.794
756 0.071 0.674 0.265 0.948
757 0.5579999999999999 0.946 0.226 0.166
758 0.7609999999999999 0.263 0.043 0.262
759 0.631 0.14800000000000002 0.977 0.593
760 0.504 0.133 0.49700000000000005 0.633
761 0.431 0.193 0.198 0.455
762 0.358 0.526 0.6609999999999999 0.623
763 0.28600000000000003 0.18100000000000002 0.42 0.511
764 0.649 0.273 0.61 0.6920000000000001
765 0.838 0.324 0.6829999999999999 0.815
766 0.5579999999999999 0.319 0.05 0.055
767 0.968 0.486 0.14400000000000002 0.166
768 0.132 0.524 0.46799999999999997 0.7929999999999999
769 0.9420000000000001 0.078 0.327 0.361
770 0.674 0.011000000000000001 0.863 0.284
771 0.397 0.122 0.027000000000000003 0.08
772 0.9440000000000001 0.638 0.255 0.993
773 0.20600000000000002 0.961 0.18 0.35100000000000003
774 0.122 0.483 0.65 0.59
775 0.797 0.531 0.354 0.124
776 0.943 0.7979999999999999 0.904 0.8059999999999999
777 0.607 0.203 0.204 0.633
778 0.14 0.5770000000000001 0.922 0.395
779 0.615 0.601 0.531 0.795
780 0.6579999999999999 0.917 0.435 0.308
781 0.71 0.105 0.038 0.063
782 0.9309999999999999 0.006999999999999999 0.027000000000000003 0.8340000000000001
783 0.109 0.441 0.016 0.312
784 0.299 0.452 0.6509999999999999 0.221
785 0.221 0.836 0.449 0.752
786 0.401 0.41 0.5489999999999999 0.835
787 0.055999999999999994 0.545 0.823 0.094
788 0.052000000000000005 0.024 0.616 0.079
789 0.429 0.188 0.3 0.445
790 0.374 0.7440000000000001 0.9520000000000001 0.026000000000000002
791 0.799 0.247 0.802 0.248
792 0.433 0.649 0.41 0.982
793 0.128 0.038 0.028999999999999998 0.951
794 0.638 0.002 0.156 0.253
795 0.015 0.682 0.268 0.315
796 0.768 0.6890000000000001 0.871 0.721
797 0.836 0.52 0.9620000000000001 0.638
798 0.961 0.071 0.41700000000000004 0.371
799 0.9009999999999999 0.499 0.091 0.93
800 0.222 0.5670000000000001 0.451 0.37799999999999995
801 0.532 0.392 0.502 0.8009999999999999
802 0.629 0.569 0.395 0.5
803 0.11 0.336 0.81 0.07200000000000001
804 0.578 0.034 0.044000000000000004 0.995
805 0.09699999999999999 0.895 0.903 0.188
806 0.35200000000000004 0.409 0.392 0.804
807 0.212 0.336 0.179 0.7140000000000001
808 0.885 0.34299999999999997 0.706 0.281
809 0.996 0.391 0.17800000000000002 0.8059999999999999
810 0.151 0.384 0.49700000000000005 0.195
811 0.9009999999999999 0.292 0.273 0.805
812 0.098 0.157 0.889 0.49
813 0.6759999999999999 0.7020000000000001 0.297 0.855
814 0.434 0.741 0.759 0.14
815 0.601 0.135 0.413 0.779
816 0.8759999999999999 0.9309999999999999 0.325 0.373
817 0.703 0.27399999999999997 0.419 0.976
818 0.899 0.07400000000000001 0.23600000000000002 0.7879999999999999
819 0.196 0.46399999999999997 0.265 0.493
820 0.6809999999999999 0.9259999999999999 0.06 0.44
821 0.081 0.040999999999999995 0.201 0.494
822 0.142 0.37 0.7509999999999999 0.467
823 0.878 0.16899999999999998 0.017 0.29600000000000004
824 0.095 0.195 0.21899999999999997 0.331
825 0.782 0.527 0.447 0.047
826 0.7659999999999999 0.728 0.946 0.826
827 0.012 0.907 0.21 0.213
828 0.03 0.35600000000000004 0.7709999999999999 0.782
829 0.514 0.659 0.992 0.53
830 0.13699999999999998 0.626 0.15 0.35600000000000004
831 0.133 0.139 0.484 0.579
832 0.504 0.345 0.915 0.45
833 0.083 0.462 0.078 0.293
834 0.479 0.32299999999999995 0.031 0.25
835 0.8540000000000001 0.764 0.763 0.846
836 0.7190000000000001 0.983 0.919 0.868
837 0.8759999999999999 0.001 0.478 0.36
838 0.664 0.863 0.9259999999999999 0.579
839 0.09699999999999999 0.662 0.775 0.175
840 0.45 0.654 0.278 0.48100000000000004
841 0.382 0.335 0.6679999999999999 0.145
842 0.961 0.8640000000000001 0.163 0.8809999999999999
843 0.503 0.757 0.733 0.981
844 0.314 0.6459999999999999 0.98 0.24
845 0.293 0.336 0.887 0.068
846 0.8420000000000001 0.518 0.165 0.11900000000000001
847 0.069 0.501 0.335 0.737
848 0.515 0.698 0.51 0.679
849 0.243 0.18100000000000002 0.335 0.976
850 0.452 0.29 0.8079999999999999 0.43200000000000005
851 0.033 0.725 0.866 0.92
852 0.377 0.762 0.311 0.542
853 0.311 0.611 0.382 0.6459999999999999
854 0.028999999999999998 0.161 0.046 0.539
855 0.624 0.782 0.021 0.96
856 0.183 0.41200000000000003 0.048 0.991
857 0.5770000000000001 0.024 0.568 0.44299999999999995
858 0.361 0.82 0.705 0.672
859 0.586 0.9840000000000001 0.973 0.9690000000000001
860 0.32 0.998 0.79 0.366
861 0.63 0.99 0.32 0.65
862 0.078 0.8340000000000001 0.361 0.126
863 0.205 0.703 0.8490000000000001 0.773
864 0.7929999999999999 0.134 0.966 0.498
865 0.327 0.085 0.79 0.3
866 0.419 0.62 0.051 0.21
867 0.589 0.8390000000000001 0.976 0.909
868 0.9259999999999999 0.986 0.32299999999999995 0.287
869 0.14800000000000002 0.49200000000000005 0.815 0.997
870 0.961 0.79 0.39899999999999997 0.9259999999999999
871 0.205 0.254 0.37200000000000005 0.996
872 0.426 0.415 0.174 0.47700000000000004
873 0.16 0.066 0.46399999999999997 0.136
874 0.953 0.062 0.961 0.276
875 0.073 0.424 0.841 0.888
876 0.105 0.8490000000000001 0.21 0.504
877 0.498 0.71 0.028999999999999998 0.87
878 0.583 0.29600000000000004 0.12 0.757
879 0.745 0.917 0.84 0.20800000000000002
880 0.815 0.161 0.115 0.7759999999999999
881 0.46399999999999997 0.8490000000000001 0.86 0.304
882 0.281 0.41 0.586 0.491
883 0.361 0.9890000000000001 0.624 0.39
884 0.32899999999999996 0.972 0.155 0.449
885 0.929 0.19399999999999998 0.6459999999999999 0.769
886 0.698 0.584 0.563 0.813
887 1.0 0.27699999999999997 0.209 0.86
888 0.946 0.141 0.991 0.531
889 0.9059999999999999 0.892 0.621 0.529
890 0.48 0.858 0.254 0.635
891 0.983 0.564 0.501 0.628
892 0.903 0.327 0.917 0.466
893 0.27699999999999997 0.466 0.41700000000000004 0.485
894 0.9990000000000001 0.431 0.467 0.99
895 0.099 0.895 0.8540000000000001 0.72
896 0.135 0.2 0.28300000000000003 0.389
897 0.59 0.37200000000000005 0.39899999999999997 0.091
898 0.732 0.9940000000000001 0.327 0.649
899 0.467 0.9259999999999999 0.9259999999999999 0.884
900 0.252 0.883 0.8420000000000001 0.7190000000000001
901 0.8029999999999999 0.818 0.768 0.657
902 0.193 0.792 0.738 0.47600000000000003
903 0.573 0.066 0.5529999999999999 0.972
904 0.5529999999999999 0.705 0.152 0.88
905 0.613 0.34700000000000003 0.27899999999999997 0.539
906 0.69 0.7909999999999999 0.114 0.532
907 0.987 0.335 0.32799999999999996 0.755
908 0.866 0.948 0.785 0.603
909 0.966 0.17600000000000002 0.491 0.519
910 0.649 0.07200000000000001 0.853 0.8009999999999999
911 0.207 0.414 0.3 0.48700000000000004
912 0.531 0.177 0.7440000000000001 0.645
913 0.253 0.632 0.044000000000000004 0.581
914 0.037000000000000005 0.446 0.336 0.8220000000000001
915 0.7609999999999999 0.7879999999999999 0.226 0.252
916 0.375 0.9009999999999999 0.379 0.228
917 0.331 0.435 0.11599999999999999 0.631
918 0.069 0.162 0.098 0.812
919 0.807 0.065 0.439 0.852
920 0.8270000000000001 0.888 0.092 0.163
921 0.142 0.924 0.498 0.368
922 0.805 0.743 0.076 0.184
923 0.778 0.515 0.406 0.894
924 0.327 0.963 0.307 0.426
925 0.114 0.233 0.84 0.5539999999999999
926 0.486 0.381 0.973 0.579
927 0.6829999999999999 0.721 0.469 0.18100000000000002
928 0.645 0.985 0.8320000000000001 0.721
929 0.8029999999999999 0.5 0.684 0.20800000000000002
930 0.8290000000000001 0.536 0.35600000000000004 0.13699999999999998
931 0.131 0.251 0.19399999999999998 0.971
932 0.278 0.45799999999999996 0.18600000000000003 0.251
933 0.73 0.934 0.757 0.19899999999999998
934 0.846 0.8440000000000001 0.1 0.6779999999999999
935 0.26899999999999996 0.48 0.065 0.953
936 0.45799999999999996 0.7829999999999999 0.22399999999999998 0.815
937 0.185 0.946 0.17 0.379
938 0.975 0.657 0.375 0.16
939 0.41100000000000003 0.8909999999999999 0.8420000000000001 0.168
940 0.9570000000000001 0.013999999999999999 0.934 0.057999999999999996
941 0.499 0.327 0.172 0.564
942 0.86 0.022000000000000002 0.063 0.085
943 0.982 0.27 0.7829999999999999 0.152
944 0.7 0.126 0.306 0.075
945 0.214 0.486 0.17800000000000002 0.055999999999999994
946 0.268 0.013999999999999999 0.6679999999999999 0.20199999999999999
947 0.359 0.701 0.39799999999999996 0.531
948 0.6779999999999999 0.392 0.28600000000000003 0.741
949 0.12300000000000001 0.723 0.746 0.905
950 0.395 0.605 0.001 0.701
951 0.28800000000000003 0.915 0.166 0.465
952 0.82 0.733 0.985 0.488
953 0.055999999999999994 0.847 0.636 0.45399999999999996
954 0.9 0.133 0.77 0.18600000000000003
955 0.24600000000000002 0.309 0.597 0.992
956 0.47100000000000003 0.387 0.82 0.47200000000000003
957 0.5 0.76 0.002 0.6659999999999999
958 0.9740000000000001 0.486 0.958 0.9590000000000001
959 0.893 0.015 0.821 0.529
960 0.19899999999999998 0.429 0.602 0.9690000000000001
961 0.47600000000000003 0.215 0.924 0.073
962 0.138 0.544 0.593 0.958
963 0.6809999999999999 0.45799999999999996 0.775 0.6829999999999999
964 0.001 0.657 0.61 0.9590000000000001
965 0.584 0.852 0.631 0.405
966 0.1 0.604 0.809 0.7020000000000001
967 0.424 0.17800000000000002 0.7879999999999999 0.348
968 0.9940000000000001 0.48700000000000004 0.795 0.5870000000000001
969 0.81 0.268 0.903 0.586
970 0.027000000000000003 0.586 0.607 0.638
971 0.223 0.222 0.397 0.853
972 0.777 0.953 0.231 0.5870000000000001
973 0.804 0.011000000000000001 0.8340000000000001 0.591
974 0.085 0.585 0.845 0.879
975 0.29 0.6890000000000001 0.44 0.193
976 0.391 0.22 0.861 0.998
977 0.406 0.221 0.08 0.8029999999999999
978 0.7070000000000001 0.58 0.027000000000000003 0.938
979 0.6829999999999999 0.741 0.177 0.517
980 0.536 0.601 0.9179999999999999 0.381
981 0.091 0.6709999999999999 0.17 0.532
982 0.445 0.9229999999999999 0.084 0.306
983 0.9420000000000001 0.7120000000000001 0.142 0.022000000000000002
984 0.21600000000000003 0.7290000000000001 0.094 0.243
985 0.261 0.9259999999999999 0.408 0.43799999999999994
986 0.741 0.9740000000000001 0.044000000000000004 0.659
987 0.524 0.75 0.027000000000000003 0.6940000000000001
988 0.8909999999999999 0.138 0.204 0.975
989 0.125 0.9179999999999999 0.156 0.267
990 0.67 0.483 0.669 0.764
991 0.335 0.025 0.652 0.743
992 0.094 0.484 0.43799999999999994 0.138
993 0.7929999999999999 0.662 0.893 0.82
994 0.175 0.711 0.495 0.379
995 0.9390000000000001 0.504 0.603 0.094
996 0.5429999999999999 0.764 0.254 0.212
997 0.98 0.547 0.5539999999999999 0.632
998 0.018000000000000002 0.727 0.773 0.455
999 0.9159999999999999 0.249 0.527 0.809
1000 0.884 0.983 0.779 0.37799999999999995
